543 1396
4 361
2 484
3 170
384 5
319 7
543 11
270 7
72 10
12 162
8 522
10 163
116 3
12 146
9 69
109 7
1 437
5 255
217 2
471 6
17 9
12 250
148 10
8 283
47 10
169 11
9 310
459 4
332 2
103 12
123 2
70 8
6 537
7 499
251 8
6 200
460 8
10 475
1 41
1 11
5 479
3 533
111 4
2 118
12 321
93 12
1 486
12 281
44 13
211 9
32 7
264 1
6 157
45 11
119 2
8 505
6 47
2 316
1 50
294 2
4 26
13 81
9 220
293 13
44 1
12 102
3 27
530 8
13 72
10 339
1 267
118 4
508 7
1 58
30 2
127 5
3 111
5 172
13 130
3 401
13 290
7 219
397 4
52 13
7 530
3 528
6 89
474 10
457 11
13 50
1 107
303 3
13 386
4 457
320 10
9 40
79 2
11 87
13 56
443 2
408 8
497 6
487 12
6 374
3 104
6 306
88 5
12 533
13 197
1 45
264 12
416 10
12 285
58 5
1 471
39 12
287 1
492 7
400 3
214 4
13 244
3 138
42 11
386 8
6 419
532 1
9 445
110 7
347 8
427 1
12 172
7 293
3 332
12 60
95 2
3 155
10 437
7 321
71 6
11 27
400 10
383 10
19 12
12 149
143 12
7 89
256 12
8 291
3 261
44 9
11 532
420 12
10 298
10 129
428 8
249 3
6 14
6 211
5 365
12 35
1 74
1 258
6 245
90 12
314 12
6 283
2 405
90 2
470 7
228 5
4 315
3 512
33 4
3 67
5 419
327 13
2 532
5 83
13 186
9 84
146 1
2 150
308 1
282 13
84 7
194 9
1 62
336 11
293 12
2 167
225 10
260 1
102 11
407 4
255 13
3 440
3 289
7 174
8 398
199 13
489 7
2 287
4 429
77 7
36 1
296 2
8 135
2 471
2 518
7 471
236 8
11 215
364 2
524 11
163 12
237 7
2 109
5 396
8 226
256 4
290 3
305 5
4 346
12 536
397 12
2 348
428 9
8 510
13 308
12 330
178 6
381 4
299 2
426 10
2 1
243 12
4 440
7 405
352 3
11 22
10 142
6 202
269 8
1 259
7 320
166 2
447 9
207 11
355 10
13 152
104 4
302 4
512 11
280 6
147 9
8 511
376 3
76 11
2 116
161 1
112 1
506 8
161 3
2 112
186 5
171 1
462 3
12 255
257 3
6 217
3 234
47 11
3 35
11 528
2 321
75 3
182 10
333 7
64 12
11 289
9 138
6 318
210 12
162 11
19 11
12 136
12 1
535 2
216 9
4 423
30 8
509 7
537 7
308 6
330 6
9 46
3 467
507 6
459 5
147 3
188 8
187 2
2 215
5 490
248 2
3 102
335 13
26 12
406 8
11 434
470 5
1 126
9 73
61 1
366 6
5 105
5 446
5 6
7 155
5 265
4 166
341 9
7 212
4 175
261 12
11 33
131 1
155 9
5 103
69 2
210 9
134 13
302 12
8 356
8 458
2 336
87 5
9 233
217 8
3 9
11 265
11 423
86 6
4 318
42 3
7 357
92 4
10 477
511 10
2 184
8 142
50 11
189 1
3 21
7 251
9 494
95 12
292 6
4 343
13 151
4 356
71 5
4 43
370 10
6 236
5 171
40 1
2 436
1 430
7 330
1 134
172 7
49 1
239 1
10 521
169 7
1 319
31 1
425 2
157 5
473 10
99 3
338 7
1 114
13 281
2 195
4 62
2 409
396 10
409 3
4 229
113 3
57 5
394 2
7 231
1 376
10 497
504 8
3 10
99 9
3 273
8 238
5 498
5 440
461 9
7 250
143 2
193 1
207 9
232 2
438 11
541 11
64 1
440 10
435 6
211 13
6 215
516 7
5 539
9 519
488 5
441 11
502 3
461 6
8 309
13 42
395 4
94 10
1 86
228 9
8 205
478 2
3 195
365 11
393 2
268 6
5 86
102 2
177 1
465 9
89 5
8 316
4 82
15 2
8 55
5 73
3 315
10 173
1 225
307 11
4 204
403 4
106 10
271 10
11 395
347 3
1 321
234 1
13 48
415 11
314 5
461 8
119 7
280 9
1 160
170 6
8 119
407 3
9 333
6 466
12 375
257 13
2 283
7 465
414 1
160 3
3 227
41 4
471 12
338 5
13 348
2 78
7 358
6 416
272 10
280 7
8 507
1 20
7 501
9 278
475 1
8 141
438 12
296 4
149 7
199 10
407 5
6 455
519 11
534 7
5 16
12 516
8 319
3 379
12 148
409 1
7 354
3 420
197 11
9 391
54 12
10 2
313 1
21 6
7 520
63 7
218 9
281 8
424 7
11 515
165 3
1 298
9 404
21 4
94 7
315 11
10 316
25 3
5 98
380 1
4 437
2 423
1 493
149 6
219 11
4 313
8 349
232 11
385 9
249 11
449 2
10 132
33 12
5 118
98 6
4 142
10 538
11 141
407 6
360 11
425 8
427 5
1 429
5 462
332 9
12 269
386 3
11 252
10 529
511 6
122 5
13 171
10 514
7 203
3 58
1 168
5 496
6 464
6 230
9 41
13 67
5 378
373 12
13 103
83 3
4 114
2 410
3 98
7 98
246 7
4 64
139 4
409 10
8 117
3 128
12 273
6 522
506 11
9 354
7 129
443 1
348 6
509 5
4 249
6 57
134 7
358 2
91 9
11 83
4 539
7 13
10 264
223 10
363 2
502 10
412 12
6 393
13 78
29 8
6 282
9 425
253 11
253 12
2 190
10 305
182 12
7 264
11 498
72 5
430 12
4 42
13 14
11 81
11 348
12 104
476 5
3 91
328 6
7 39
278 4
457 2
8 58
49 2
8 523
91 11
6 135
6 111
225 2
6 521
11 427
332 10
389 13
514 5
9 75
7 318
4 494
5 465
265 3
498 4
5 257
313 12
1 255
328 1
36 2
10 420
99 10
5 116
13 401
2 326
22 6
34 3
273 4
444 3
58 7
1 444
2 384
8 419
297 10
4 54
3 100
422 2
2 106
5 135
487 11
10 217
3 134
5 343
10 12
3 482
2 73
11 320
10 18
9 295
4 83
7 457
187 12
7 140
23 3
69 4
538 7
531 8
73 13
5 463
3 31
1 132
219 12
523 11
4 466
481 3
378 2
448 4
6 139
11 442
9 479
324 12
233 8
19 2
86 10
35 5
1 4
11 465
334 11
207 7
1 417
3 530
4 52
278 7
391 11
313 8
128 9
163 11
455 2
269 1
31 2
173 12
378 9
11 218
80 13
29 13
393 12
1 117
5 226
11 148
11 278
490 12
405 9
13 47
9 459
1 288
372 13
6 508
376 6
5 220
85 13
300 8
11 69
496 2
397 10
193 4
52 8
8 445
110 6
12 7
263 7
423 10
374 2
10 361
86 4
11 431
5 487
12 334
373 10
2 128
461 2
8 81
188 7
412 13
8 365
229 6
503 5
524 1
3 189
475 12
414 9
3 66
305 4
68 4
247 1
4 436
375 3
8 337
4 359
27 5
5 358
8 272
132 6
9 8
90 7
9 324
5 518
420 5
14 7
108 7
9 536
13 238
479 6
532 12
11 144
8 124
11 447
10 393
4 200
8 476
3 382
5 335
12 263
456 2
350 12
11 151
10 447
13 337
433 1
348 9
159 3
6 409
481 5
531 10
13 222
415 12
13 131
12 317
241 12
9 222
209 12
6 309
359 3
105 7
99 12
512 7
7 135
1 262
1 133
13 2
11 260
11 85
12 469
490 9
201 4
127 7
1 415
1 449
533 4
138 5
252 3
12 266
9 485
11 108
446 11
12 81
1 388
262 6
390 11
394 11
3 207
4 310
9 109
13 310
277 6
263 2
13 262
11 191
395 8
250 8
13 321
336 12
9 309
106 9
249 13
8 33
4 399
11 173
13 200
465 3
1 84
5 152
4 47
7 181
320 3
10 190
8 170
8 422
274 9
9 136
495 5
1 423
6 214
456 10
3 7
7 447
349 2
235 4
237 4
7 258
7 316
8 539
2 284
8 373
363 13
460 6
296 11
11 208
383 4
3 229
144 1
516 8
100 8
38 8
8 195
9 317
246 12
119 3
10 6
30 3
453 9
10 509
239 13
35 2
238 9
229 13
251 5
66 10
10 340
12 519
63 8
58 6
9 142
122 9
156 2
64 9
6 270
1 389
462 4
4 412
5 139
58 13
1 10
6 475
343 3
7 138
3 24
6 347
1 520
8 109
6 418
99 2
13 178
5 202
2 517
6 290
275 3
4 331
217 7
89 8
172 3
284 9
403 13
2 148
328 3
3 345
262 7
12 294
143 1
6 206
13 16
4 344
9 412
7 360
5 34
2 310
7 300
13 27
498 7
4 404
101 11
102 1
46 4
3 498
4 472
7 290
7 448
94 5
10 242
50 9
173 3
7 245
468 1
13 245
3 422
6 125
12 154
460 1
10 180
3 456
12 237
12 457
11 474
134 10
57 11
94 2
9 487
218 6
107 2
4 406
8 69
451 11
4 348
272 3
200 8
11 363
4 272
242 11
343 13
7 141
12 306
5 371
445 12
13 125
8 438
239 8
7 45
208 4
8 173
244 6
177 2
5 207
485 5
331 10
4 340
376 11
192 8
197 3
4 99
472 12
493 5
4 25
6 151
226 9
2 432
64 6
3 429
201 5
7 55
436 6
10 282
231 6
203 12
2 137
179 12
13 368
12 388
9 367
6 263
334 10
178 4
8 346
142 7
9 246
261 1
267 2
9 160
176 7
198 9
2 129
9 146
233 1
12 48
4 247
9 493
327 9
5 525
192 13
92 2
526 10
2 521
3 479
193 5
47 1
8 381
404 5
9 126
7 416
344 13
1 197
84 4
3 84
433 7
317 2
434 3
287 3
28 4
107 12
358 10
1 276
220 6
12 122
8 292
307 4
4 410
6 223
134 6
173 13
530 5
1 348
10 430
205 3
12 485
273 5
208 9
9 319
480 3
7 517
174 11
147 7
11 122
7 421
83 8
15 7
198 12
422 1
11 373
3 540
235 13
275 5
7 76
7 228
204 8
350 7
52 10
501 4
13 189
9 496
449 6
7 511
5 321
27 7
5 411
11 186
91 10
7 518
4 292
1 56
9 409
43 6
6 534
13 62
6 279
5 154
307 6
371 10
1 307
12 524
7 25
77 13
318 12
6 515
1 341
9 497
11 32
452 1
303 13
525 10
448 8
3 292
5 69
468 7
4 185
212 4
10 330
40 10
84 11
164 9
120 5
517 12
11 388
253 6
11 63
6 198
479 10
179 8
3 486
10 219
6 305
380 7
265 9
10 286
6 358
142 5
51 3
139 3
184 3
1 323
342 5
227 7
5 190
1 236
367 1
101 5
258 8
326 1
6 146
12 286
9 124
301 5
349 4
432 11
160 2
108 4
307 5
143 13
1 202
145 8
1 533
89 1
373 5
12 11
4 146
2 113
301 2
302 5
2 434
4 281
3 17
132 7
9 535
361 1
105 1
4 23
1 32
434 10
502 2
5 297
12 310
34 13
419 7
8 5
3 431
7 215
10 51
2 402
283 11
15 11
439 4
10 325
4 477
186 12
2 236
262 2
180 12
30 4
10 507
10 307
424 1
10 120
412 10
13 138
12 458
125 10
402 4
37 2
13 51
448 1
32 5
2 498
194 8
149 5
4 5
192 4
6 82
5 164
2 229
520 10
8 543
180 13
12 500
1 129
51 4
6 457
9 296
10 344
4 496
490 4
8 43
1 206
7 120
3 120
2 72
116 12
300 13
13 124
73 6
478 10
352 8
2 524
3 6
88 8
9 219
12 525
4 219
15 12
4 405
12 87
278 1
151 8
12 300
12 364
10 465
10 519
2 541
537 8
12 421
83 10
4 355
7 101
6 427
4 434
308 12
285 13
6 530
196 9
186 8
6 489
346 5
3 223
4 144
95 1
8 174
3 236
10 127
4 3
8 332
5 408
6 430
3 398
398 11
402 5
519 4
12 139
63 1
294 11
2 154
1 325
11 130
317 7
524 6
446 6
10 221
11 21
7 241
53 1
203 1
1 248
87 3
238 7
174 3
73 1
8 501
228 6
416 9
506 2
9 321
38 7
12 234
158 9
341 12
8 355
2 426
151 12
5 324
65 12
10 171
3 505
43 9
164 7
74 13
3 270
13 379
37 10
5 286
3 333
12 360
10 4
240 3
326 3
499 10
253 13
4 238
295 6
443 5
5 425
356 9
5 370
169 2
7 389
1 15
9 371
362 3
1 536
